CRN: 32.5 - 61.32992362976074
Course: 62.28895950317383 - 95.41944694519043
Title: 96.42937088012695 - 148.06212043762207
Modality: 166.32136154174805 - 258.00167083740234
Seats: 266.07923889160156 - 306.55723571777344
Capacity: 307.5472717285156 - 349.33973693847656
Instructor: 349.5298767089844 - 402.2493896484375
Days: 403.388916015625 - 429.7083206176758
Begin: 431.3315887451172 - 465.1732864379883
End: 467.5959930419922 - 498.61983489990234
Location: 502.12025451660156 - 549.8333587646484
on: 549.3758850097656 - 1557.1741943359375
