CRN: 32.5 - 61.25375175476074
Course: 62.13661575317383 - 94.84815788269043
Title: 95.59148025512695 - 147.06602668762207
Modality: 165.70026779174805 - 258.57295989990234
Seats: 267.09291076660156 - 308.56700134277344
Capacity: 309.6683654785156 - 351.99110412597656
Instructor: 352.4888610839844 - 405.2874755859375
Days: 405.890869140625 - 431.3548049926758
Begin: 433.1948699951172 - 467.7602005004883
End: 470.4729461669922 - 502.07686614990234
Location: 505.57728576660156 - 553.1761322021484
on: 552.6044006347656 - 1560.1741943359375
